-1.153599971999999951e+01
-1.119739429000000008e+01
-1.085878884999999983e+01
-1.052018342000000040e+01
-1.018157798000000014e+01
-9.842972550000000709e+00
-9.504367110000000451e+00
-9.165761670000000194e+00
-8.827156240000000764e+00
-8.488550800000000507e+00
-8.149945369999999301e+00
-7.811339929999999931e+00
-7.472734499999999613e+00
-7.134129060000000244e+00
-6.795523619999999987e+00
-6.456918189999999669e+00
-6.118312750000000300e+00
-5.779707319999999982e+00
-5.441101879999999724e+00
-5.102496440000000355e+00
-4.763891010000000037e+00
-4.425285569999999780e+00
-4.086680140000000350e+00
-3.748074700000000092e+00
-3.409469270000000218e+00
-3.070863829999999961e+00
-2.732258390000000148e+00
-2.393652959999999830e+00
-2.055047520000000016e+00
-1.716442089999999920e+00
-1.377836650000000107e+00
-1.039231220000000011e+00
-7.006257799999999758e-01
-3.620203399999999960e-01
-2.341491000000000058e-02
3.151905300000000243e-01
6.537959599999999538e-01
9.924013999999999891e-01
1.331006829999999974e+00
1.669612270000000009e+00
2.008217709999999823e+00
2.346823140000000141e+00
2.685428579999999954e+00
3.024034009999999828e+00
3.362639450000000085e+00
3.701244889999999899e+00
