2.322363281250000000e+02
2.331093750000000000e+02
2.338066406250000000e+02
2.345390625000000000e+02
2.353242187500000000e+02
2.355683593750000000e+02
2.363457031250000000e+02
2.368164062500000000e+02
2.372441406250000000e+02
2.375429687500000000e+02
2.379179687500000000e+02
2.382363281250000000e+02
2.384843750000000000e+02
2.386816406250000000e+02
2.389433593750000000e+02
2.390390625000000000e+02
2.393300781250000000e+02
2.393808593750000000e+02
2.394101562500000000e+02
2.394316406250000000e+02
2.395585937500000000e+02
2.395410156250000000e+02
2.395488281250000000e+02
2.396035156250000000e+02
2.394648437500000000e+02
2.393300781250000000e+02
2.390917968750000000e+02
2.388808593750000000e+02
2.384824218750000000e+02
2.380644531250000000e+02
2.375976562500000000e+02
2.371464843750000000e+02
2.366484375000000000e+02
2.358398437500000000e+02
2.352968750000000000e+02
2.349433593750000000e+02
2.342089843750000000e+02
2.338027343750000000e+02
2.331992187500000000e+02
2.327558593750000000e+02
2.319453125000000000e+02
2.314042968750000000e+02
2.306972656250000000e+02
2.302656250000000000e+02
2.318046875000000000e+02
