2.520703125000000000e+02
2.547187500000000000e+02
2.564531250000000000e+02
2.575976562500000000e+02
2.590117187500000000e+02
2.599101562500000000e+02
2.604179687500000000e+02
2.611484375000000000e+02
2.616914062500000000e+02
2.621601562500000000e+02
2.628007812500000000e+02
2.635078125000000000e+02
2.639453125000000000e+02
2.644375000000000000e+02
2.646796875000000000e+02
2.649062500000000000e+02
2.653945312500000000e+02
2.655390625000000000e+02
2.657031250000000000e+02
2.658007812500000000e+02
2.660390625000000000e+02
2.664023437500000000e+02
2.665390625000000000e+02
2.665781250000000000e+02
2.667812500000000000e+02
2.667734375000000000e+02
2.668632812500000000e+02
2.670156250000000000e+02
2.670156250000000000e+02
2.671210937500000000e+02
2.670429687500000000e+02
2.672734375000000000e+02
2.671718750000000000e+02
2.672109375000000000e+02
2.670820312500000000e+02
2.669843750000000000e+02
2.668984375000000000e+02
2.668984375000000000e+02
2.667929687500000000e+02
2.667109375000000000e+02
2.665312500000000000e+02
2.663632812500000000e+02
2.663203125000000000e+02
2.661054687500000000e+02
2.673632812500000000e+02
