2.569296875000000000e+02
2.575117187500000000e+02
2.580273437500000000e+02
2.585585937500000000e+02
2.590000000000000000e+02
2.594648437500000000e+02
2.601562500000000000e+02
2.604882812500000000e+02
2.609765625000000000e+02
2.611250000000000000e+02
2.614375000000000000e+02
2.616523437500000000e+02
2.619804687500000000e+02
2.622421875000000000e+02
2.622968750000000000e+02
2.625820312500000000e+02
2.627148437500000000e+02
2.627851562500000000e+02
2.629609375000000000e+02
2.630000000000000000e+02
2.630625000000000000e+02
2.631445312500000000e+02
2.631914062500000000e+02
2.631171875000000000e+02
2.630781250000000000e+02
2.629804687500000000e+02
2.627734375000000000e+02
2.624101562500000000e+02
2.621406250000000000e+02
2.616250000000000000e+02
2.612148437500000000e+02
2.608046875000000000e+02
2.601953125000000000e+02
2.597460937500000000e+02
2.588359375000000000e+02
2.586601562500000000e+02
2.578476562500000000e+02
2.573710937500000000e+02
2.566679687500000000e+02
2.560625000000000000e+02
2.554062500000000000e+02
2.548750000000000000e+02
2.537656250000000000e+02
2.536093750000000000e+02
2.569843750000000000e+02
