2.225058593750000000e+02
2.232265625000000000e+02
2.242617187500000000e+02
2.246992187500000000e+02
2.251933593750000000e+02
2.258652343750000000e+02
2.262402343750000000e+02
2.268632812500000000e+02
2.273789062500000000e+02
2.275625000000000000e+02
2.279570312500000000e+02
2.282734375000000000e+02
2.286660156250000000e+02
2.289042968750000000e+02
2.291660156250000000e+02
2.293437500000000000e+02
2.294531250000000000e+02
2.296230468750000000e+02
2.297109375000000000e+02
2.297460937500000000e+02
2.298496093750000000e+02
2.298925781250000000e+02
2.300019531250000000e+02
2.299316406250000000e+02
2.299179687500000000e+02
2.298046875000000000e+02
2.295371093750000000e+02
2.293808593750000000e+02
2.291992187500000000e+02
2.287578125000000000e+02
2.284960937500000000e+02
2.279414062500000000e+02
2.274394531250000000e+02
2.268066406250000000e+02
2.260839843750000000e+02
2.255781250000000000e+02
2.250136718750000000e+02
2.245058593750000000e+02
2.237988281250000000e+02
2.233808593750000000e+02
2.226191406250000000e+02
2.218027343750000000e+02
2.210468750000000000e+02
2.204863281250000000e+02
2.226953125000000000e+02
