1.896796875000000000e+02
1.909980468750000000e+02
1.917519531250000000e+02
1.928242187500000000e+02
1.936269531250000000e+02
1.942578125000000000e+02
1.950781250000000000e+02
1.957871093750000000e+02
1.962207031250000000e+02
1.966523437500000000e+02
1.970390625000000000e+02
1.976054687500000000e+02
1.980058593750000000e+02
1.981210937500000000e+02
1.984628906250000000e+02
1.988730468750000000e+02
1.990097656250000000e+02
1.993183593750000000e+02
1.993847656250000000e+02
1.996328125000000000e+02
1.997675781250000000e+02
2.000507812500000000e+02
2.001503906250000000e+02
2.003359375000000000e+02
2.003886718750000000e+02
2.005683593750000000e+02
2.006484375000000000e+02
2.006796875000000000e+02
2.007675781250000000e+02
2.007304687500000000e+02
2.007656250000000000e+02
2.008671875000000000e+02
2.008535156250000000e+02
2.008593750000000000e+02
2.007832031250000000e+02
2.007636718750000000e+02
2.006523437500000000e+02
2.005917968750000000e+02
2.005761718750000000e+02
2.006289062500000000e+02
2.004375000000000000e+02
2.002675781250000000e+02
2.000917968750000000e+02
1.999687500000000000e+02
2.014296875000000000e+02
