1.890859375000000000e+02
1.909843750000000000e+02
1.928281250000000000e+02
1.949453125000000000e+02
1.960234375000000000e+02
1.968437500000000000e+02
1.977109375000000000e+02
1.985156250000000000e+02
1.993046875000000000e+02
2.000390625000000000e+02
2.005781250000000000e+02
2.010703125000000000e+02
2.015000000000000000e+02
2.020781250000000000e+02
2.025312500000000000e+02
2.027109375000000000e+02
2.030234375000000000e+02
2.032578125000000000e+02
2.036093750000000000e+02
2.039375000000000000e+02
2.041875000000000000e+02
2.042656250000000000e+02
2.043828125000000000e+02
2.046171875000000000e+02
2.047968750000000000e+02
2.047656250000000000e+02
2.048671875000000000e+02
2.050156250000000000e+02
2.053125000000000000e+02
2.052656250000000000e+02
2.051796875000000000e+02
2.052812500000000000e+02
2.052421875000000000e+02
2.053203125000000000e+02
2.053125000000000000e+02
2.051953125000000000e+02
2.050703125000000000e+02
2.049453125000000000e+02
2.048281250000000000e+02
2.047109375000000000e+02
2.045390625000000000e+02
2.044140625000000000e+02
2.044765625000000000e+02
2.041250000000000000e+02
2.055468750000000000e+02
