4.250000000000000000e+02
3.800000000000000000e+02
5.100000000000000000e+02
6.990000000000000000e+02
7.370000000000000000e+02
7.480000000000000000e+02
7.430000000000000000e+02
7.960000000000000000e+02
8.490000000000000000e+02
8.450000000000000000e+02
8.580000000000000000e+02
8.510000000000000000e+02
8.160000000000000000e+02
7.500000000000000000e+02
7.600000000000000000e+02
7.650000000000000000e+02
7.190000000000000000e+02
7.310000000000000000e+02
7.440000000000000000e+02
7.320000000000000000e+02
7.140000000000000000e+02
7.020000000000000000e+02
7.230000000000000000e+02
7.030000000000000000e+02
7.380000000000000000e+02
7.160000000000000000e+02
7.230000000000000000e+02
7.240000000000000000e+02
7.420000000000000000e+02
7.340000000000000000e+02
7.290000000000000000e+02
6.960000000000000000e+02
7.050000000000000000e+02
7.170000000000000000e+02
7.300000000000000000e+02
7.210000000000000000e+02
7.170000000000000000e+02
7.210000000000000000e+02
7.080000000000000000e+02
6.830000000000000000e+02
6.950000000000000000e+02
7.030000000000000000e+02
7.230000000000000000e+02
7.160000000000000000e+02
7.080000000000000000e+02
