2.100000000000000000e+01
1.600000000000000000e+01
1.000000000000000000e+01
1.200000000000000000e+01
4.900000000000000000e+01
6.700000000000000000e+01
4.700000000000000000e+01
6.800000000000000000e+01
5.400000000000000000e+01
3.800000000000000000e+01
3.400000000000000000e+01
6.800000000000000000e+01
4.700000000000000000e+01
6.300000000000000000e+01
4.300000000000000000e+01
6.000000000000000000e+01
5.000000000000000000e+01
4.300000000000000000e+01
5.000000000000000000e+01
5.200000000000000000e+01
5.300000000000000000e+01
6.300000000000000000e+01
5.300000000000000000e+01
4.900000000000000000e+01
5.000000000000000000e+01
5.200000000000000000e+01
5.300000000000000000e+01
5.300000000000000000e+01
7.000000000000000000e+01
4.400000000000000000e+01
4.800000000000000000e+01
7.800000000000000000e+01
7.100000000000000000e+01
1.110000000000000000e+02
9.300000000000000000e+01
1.000000000000000000e+02
1.050000000000000000e+02
1.270000000000000000e+02
9.100000000000000000e+01
1.030000000000000000e+02
5.500000000000000000e+01
3.700000000000000000e+01
5.600000000000000000e+01
1.130000000000000000e+02
2.800000000000000000e+01
