5.020000000000000000e+02
4.890000000000000000e+02
4.470000000000000000e+02
5.370000000000000000e+02
4.700000000000000000e+02
4.710000000000000000e+02
4.980000000000000000e+02
4.550000000000000000e+02
5.220000000000000000e+02
4.960000000000000000e+02
4.360000000000000000e+02
4.650000000000000000e+02
4.510000000000000000e+02
3.640000000000000000e+02
3.500000000000000000e+02
4.150000000000000000e+02
4.190000000000000000e+02
4.090000000000000000e+02
4.280000000000000000e+02
4.140000000000000000e+02
3.980000000000000000e+02
3.750000000000000000e+02
4.030000000000000000e+02
3.980000000000000000e+02
3.780000000000000000e+02
3.890000000000000000e+02
3.740000000000000000e+02
3.470000000000000000e+02
3.260000000000000000e+02
3.240000000000000000e+02
3.890000000000000000e+02
4.040000000000000000e+02
3.460000000000000000e+02
3.550000000000000000e+02
3.820000000000000000e+02
2.990000000000000000e+02
3.430000000000000000e+02
3.230000000000000000e+02
3.510000000000000000e+02
3.320000000000000000e+02
3.780000000000000000e+02
3.460000000000000000e+02
2.920000000000000000e+02
5.240000000000000000e+02
5.020000000000000000e+02
