2.480000000000000000e+02
2.730000000000000000e+02
1.610000000000000000e+02
1.900000000000000000e+02
1.890000000000000000e+02
2.160000000000000000e+02
2.140000000000000000e+02
2.030000000000000000e+02
1.850000000000000000e+02
2.020000000000000000e+02
1.800000000000000000e+02
1.800000000000000000e+02
1.450000000000000000e+02
1.360000000000000000e+02
1.370000000000000000e+02
1.610000000000000000e+02
1.510000000000000000e+02
1.230000000000000000e+02
1.070000000000000000e+02
1.040000000000000000e+02
9.500000000000000000e+01
1.020000000000000000e+02
9.700000000000000000e+01
8.000000000000000000e+01
8.500000000000000000e+01
9.900000000000000000e+01
7.200000000000000000e+01
8.400000000000000000e+01
8.500000000000000000e+01
8.400000000000000000e+01
8.800000000000000000e+01
1.000000000000000000e+02
8.300000000000000000e+01
8.400000000000000000e+01
8.100000000000000000e+01
9.300000000000000000e+01
9.800000000000000000e+01
9.100000000000000000e+01
9.300000000000000000e+01
1.020000000000000000e+02
8.800000000000000000e+01
1.250000000000000000e+02
1.010000000000000000e+02
1.280000000000000000e+02
1.440000000000000000e+02
