9.300000000000000000e+01
7.400000000000000000e+01
1.870000000000000000e+02
1.600000000000000000e+02
1.540000000000000000e+02
1.910000000000000000e+02
1.430000000000000000e+02
1.980000000000000000e+02
1.730000000000000000e+02
2.120000000000000000e+02
1.660000000000000000e+02
2.110000000000000000e+02
1.900000000000000000e+02
2.390000000000000000e+02
2.370000000000000000e+02
2.240000000000000000e+02
2.330000000000000000e+02
2.410000000000000000e+02
2.440000000000000000e+02
2.530000000000000000e+02
2.360000000000000000e+02
2.070000000000000000e+02
2.270000000000000000e+02
2.290000000000000000e+02
1.960000000000000000e+02
1.970000000000000000e+02
2.150000000000000000e+02
2.070000000000000000e+02
2.070000000000000000e+02
2.150000000000000000e+02
2.380000000000000000e+02
2.610000000000000000e+02
1.840000000000000000e+02
1.840000000000000000e+02
2.440000000000000000e+02
1.930000000000000000e+02
2.530000000000000000e+02
2.990000000000000000e+02
2.900000000000000000e+02
2.810000000000000000e+02
2.840000000000000000e+02
2.750000000000000000e+02
2.550000000000000000e+02
3.000000000000000000e+02
2.100000000000000000e+02
