-1.111644925999999955e+01
-1.081820032000000076e+01
-1.051995138000000019e+01
-1.022170245000000044e+01
-9.923453509999999866e+00
-9.625204569999999293e+00
-9.326955630000000497e+00
-9.028706689999999924e+00
-8.730457749999999351e+00
-8.432208810000000554e+00
-8.133959869999999981e+00
-7.835710930000000296e+00
-7.537461989999999723e+00
-7.239213050000000038e+00
-6.940964110000000353e+00
-6.642715169999999780e+00
-6.344466230000000095e+00
-6.046217300000000350e+00
-5.747968359999999777e+00
-5.449719420000000092e+00
-5.151470480000000407e+00
-4.853221539999999834e+00
-4.554972600000000149e+00
-4.256723659999999576e+00
-3.958474719999999891e+00
-3.660225780000000206e+00
-3.361976840000000077e+00
-3.063727899999999948e+00
-2.765478959999999820e+00
-2.467230020000000135e+00
-2.168981080000000006e+00
-1.870732150000000038e+00
-1.572483209999999909e+00
-1.274234270000000002e+00
-9.759853299999999843e-01
-6.777363899999999663e-01
-3.794874500000000039e-01
-8.123850999999999989e-02
2.170104300000000042e-01
5.152593699999999943e-01
8.135083100000000123e-01
1.111757249999999919e+00
1.410006190000000048e+00
