1.774824218750000000e+02
1.780878906250000000e+02
1.785722656250000000e+02
1.790449218750000000e+02
1.796113281250000000e+02
1.800566406250000000e+02
1.804843750000000000e+02
1.806679687500000000e+02
1.809003906250000000e+02
1.812382812500000000e+02
1.814941406250000000e+02
1.817421875000000000e+02
1.819902343750000000e+02
1.821054687500000000e+02
1.824277343750000000e+02
1.825644531250000000e+02
1.826835937500000000e+02
1.829804687500000000e+02
1.830566406250000000e+02
1.831230468750000000e+02
1.831933593750000000e+02
1.833554687500000000e+02
1.833789062500000000e+02
1.834082031250000000e+02
1.834589843750000000e+02
1.834882812500000000e+02
1.834687500000000000e+02
1.833750000000000000e+02
1.832695312500000000e+02
1.830722656250000000e+02
1.828281250000000000e+02
1.824726562500000000e+02
1.821523437500000000e+02
1.816191406250000000e+02
1.812929687500000000e+02
1.807226562500000000e+02
1.804335937500000000e+02
1.797363281250000000e+02
1.793925781250000000e+02
1.786757812500000000e+02
1.783593750000000000e+02
1.791093750000000000e+02
