1.651718750000000000e+02
1.656699218750000000e+02
1.663789062500000000e+02
1.671660156250000000e+02
1.676308593750000000e+02
1.679355468750000000e+02
1.683613281250000000e+02
1.688867187500000000e+02
1.691679687500000000e+02
1.694355468750000000e+02
1.698281250000000000e+02
1.700742187500000000e+02
1.703574218750000000e+02
1.705683593750000000e+02
1.707460937500000000e+02
1.709843750000000000e+02
1.711972656250000000e+02
1.712343750000000000e+02
1.714902343750000000e+02
1.715039062500000000e+02
1.716230468750000000e+02
1.717031250000000000e+02
1.717519531250000000e+02
1.718378906250000000e+02
1.717617187500000000e+02
1.717441406250000000e+02
1.716484375000000000e+02
1.715371093750000000e+02
1.713925781250000000e+02
1.712460937500000000e+02
1.709296875000000000e+02
1.706054687500000000e+02
1.702343750000000000e+02
1.699355468750000000e+02
1.693359375000000000e+02
1.689414062500000000e+02
1.684550781250000000e+02
1.679941406250000000e+02
1.674648437500000000e+02
1.670488281250000000e+02
1.665351562500000000e+02
1.670039062500000000e+02
