3.903750000000000000e+02
3.922578125000000000e+02
3.938906250000000000e+02
3.953046875000000000e+02
3.957343750000000000e+02
3.970937500000000000e+02
3.980898437500000000e+02
3.989921875000000000e+02
3.993593750000000000e+02
3.998359375000000000e+02
4.005351562500000000e+02
4.011406250000000000e+02
4.018046875000000000e+02
4.023828125000000000e+02
4.025664062500000000e+02
4.031875000000000000e+02
4.035039062500000000e+02
4.036484375000000000e+02
4.039648437500000000e+02
4.042070312500000000e+02
4.045468750000000000e+02
4.047851562500000000e+02
4.050546875000000000e+02
4.052656250000000000e+02
4.053085937500000000e+02
4.055312500000000000e+02
4.056132812500000000e+02
4.057265625000000000e+02
4.058515625000000000e+02
4.060312500000000000e+02
4.061484375000000000e+02
4.061601562500000000e+02
4.062148437500000000e+02
4.061835937500000000e+02
4.063007812500000000e+02
4.063164062500000000e+02
4.063437500000000000e+02
4.063671875000000000e+02
4.062929687500000000e+02
4.062109375000000000e+02
4.061601562500000000e+02
4.082070312500000000e+02
