1.280781250000000000e+02
1.287988281250000000e+02
1.292949218750000000e+02
1.298867187500000000e+02
1.302714843750000000e+02
1.306425781250000000e+02
1.310488281250000000e+02
1.314609375000000000e+02
1.319960937500000000e+02
1.323085937500000000e+02
1.324707031250000000e+02
1.328593750000000000e+02
1.331816406250000000e+02
1.332109375000000000e+02
1.335253906250000000e+02
1.337011718750000000e+02
1.339628906250000000e+02
1.340664062500000000e+02
1.342851562500000000e+02
1.343574218750000000e+02
1.344179687500000000e+02
1.344746093750000000e+02
1.345468750000000000e+02
1.346816406250000000e+02
1.346621093750000000e+02
1.346269531250000000e+02
1.346738281250000000e+02
1.345527343750000000e+02
1.344433593750000000e+02
1.343554687500000000e+02
1.341464843750000000e+02
1.339179687500000000e+02
1.336835937500000000e+02
1.332207031250000000e+02
1.327558593750000000e+02
1.322988281250000000e+02
1.318496093750000000e+02
1.314511718750000000e+02
1.306562500000000000e+02
1.303691406250000000e+02
1.297949218750000000e+02
1.301015625000000000e+02
