2.677265625000000000e+02
2.688164062500000000e+02
2.700273437500000000e+02
2.714765625000000000e+02
2.723710937500000000e+02
2.733945312500000000e+02
2.741171875000000000e+02
2.745507812500000000e+02
2.753046875000000000e+02
2.756562500000000000e+02
2.762578125000000000e+02
2.769296875000000000e+02
2.772695312500000000e+02
2.777421875000000000e+02
2.779570312500000000e+02
2.783945312500000000e+02
2.785468750000000000e+02
2.790507812500000000e+02
2.790664062500000000e+02
2.793906250000000000e+02
2.796835937500000000e+02
2.799453125000000000e+02
2.801289062500000000e+02
2.801718750000000000e+02
2.803125000000000000e+02
2.804843750000000000e+02
2.805429687500000000e+02
2.806406250000000000e+02
2.807968750000000000e+02
2.808476562500000000e+02
2.810156250000000000e+02
2.809492187500000000e+02
2.810390625000000000e+02
2.810312500000000000e+02
2.810312500000000000e+02
2.811562500000000000e+02
2.811562500000000000e+02
2.810468750000000000e+02
2.811250000000000000e+02
2.810664062500000000e+02
2.810429687500000000e+02
2.830859375000000000e+02
