3.199785156250000000e+02
3.218222656250000000e+02
3.229472656250000000e+02
3.240136718750000000e+02
3.250117187500000000e+02
3.262148437500000000e+02
3.266953125000000000e+02
3.275058593750000000e+02
3.280488281250000000e+02
3.287812500000000000e+02
3.292246093750000000e+02
3.299531250000000000e+02
3.303906250000000000e+02
3.307558593750000000e+02
3.310761718750000000e+02
3.314628906250000000e+02
3.318789062500000000e+02
3.322949218750000000e+02
3.326718750000000000e+02
3.329238281250000000e+02
3.331289062500000000e+02
3.333417968750000000e+02
3.335449218750000000e+02
3.336875000000000000e+02
3.338535156250000000e+02
3.341171875000000000e+02
3.341777343750000000e+02
3.343417968750000000e+02
3.345449218750000000e+02
3.347011718750000000e+02
3.347324218750000000e+02
3.349316406250000000e+02
3.349765625000000000e+02
3.350644531250000000e+02
3.351132812500000000e+02
3.352304687500000000e+02
3.350917968750000000e+02
3.351464843750000000e+02
3.350761718750000000e+02
3.351562500000000000e+02
3.351757812500000000e+02
3.374062500000000000e+02
