4.760000000000000000e+02
3.510000000000000000e+02
3.640000000000000000e+02
3.570000000000000000e+02
2.890000000000000000e+02
3.930000000000000000e+02
3.550000000000000000e+02
3.500000000000000000e+02
3.400000000000000000e+02
3.150000000000000000e+02
2.780000000000000000e+02
3.140000000000000000e+02
3.730000000000000000e+02
4.010000000000000000e+02
3.280000000000000000e+02
2.820000000000000000e+02
3.250000000000000000e+02
3.020000000000000000e+02
3.170000000000000000e+02
2.900000000000000000e+02
3.110000000000000000e+02
3.280000000000000000e+02
3.370000000000000000e+02
3.430000000000000000e+02
3.440000000000000000e+02
3.510000000000000000e+02
3.320000000000000000e+02
3.290000000000000000e+02
3.570000000000000000e+02
3.220000000000000000e+02
3.180000000000000000e+02
3.000000000000000000e+02
3.100000000000000000e+02
3.230000000000000000e+02
2.860000000000000000e+02
3.040000000000000000e+02
2.450000000000000000e+02
2.630000000000000000e+02
2.420000000000000000e+02
2.910000000000000000e+02
3.900000000000000000e+02
3.240000000000000000e+02
