2.800000000000000000e+02
3.440000000000000000e+02
5.340000000000000000e+02
3.800000000000000000e+02
2.680000000000000000e+02
3.260000000000000000e+02
3.390000000000000000e+02
3.020000000000000000e+02
2.780000000000000000e+02
2.780000000000000000e+02
2.910000000000000000e+02
2.760000000000000000e+02
3.340000000000000000e+02
3.920000000000000000e+02
3.710000000000000000e+02
4.120000000000000000e+02
3.910000000000000000e+02
3.720000000000000000e+02
3.350000000000000000e+02
3.890000000000000000e+02
3.980000000000000000e+02
3.450000000000000000e+02
4.120000000000000000e+02
4.140000000000000000e+02
3.990000000000000000e+02
4.100000000000000000e+02
3.930000000000000000e+02
4.060000000000000000e+02
4.080000000000000000e+02
4.040000000000000000e+02
3.940000000000000000e+02
4.090000000000000000e+02
3.790000000000000000e+02
3.770000000000000000e+02
4.090000000000000000e+02
3.970000000000000000e+02
3.960000000000000000e+02
3.740000000000000000e+02
3.910000000000000000e+02
3.780000000000000000e+02
3.630000000000000000e+02
3.430000000000000000e+02
