1.160000000000000000e+02
1.990000000000000000e+02
1.490000000000000000e+02
1.660000000000000000e+02
1.470000000000000000e+02
1.390000000000000000e+02
1.550000000000000000e+02
1.980000000000000000e+02
2.240000000000000000e+02
2.380000000000000000e+02
1.890000000000000000e+02
1.800000000000000000e+02
1.850000000000000000e+02
2.120000000000000000e+02
2.070000000000000000e+02
2.070000000000000000e+02
2.150000000000000000e+02
2.400000000000000000e+02
2.020000000000000000e+02
1.970000000000000000e+02
1.980000000000000000e+02
2.150000000000000000e+02
1.860000000000000000e+02
2.270000000000000000e+02
2.150000000000000000e+02
2.230000000000000000e+02
1.950000000000000000e+02
1.870000000000000000e+02
2.210000000000000000e+02
2.160000000000000000e+02
2.390000000000000000e+02
2.560000000000000000e+02
2.520000000000000000e+02
2.770000000000000000e+02
2.970000000000000000e+02
2.950000000000000000e+02
2.490000000000000000e+02
2.690000000000000000e+02
2.240000000000000000e+02
2.790000000000000000e+02
2.430000000000000000e+02
2.320000000000000000e+02
