1.360000000000000000e+02
1.610000000000000000e+02
1.690000000000000000e+02
1.700000000000000000e+02
1.370000000000000000e+02
1.150000000000000000e+02
1.320000000000000000e+02
1.570000000000000000e+02
2.180000000000000000e+02
1.520000000000000000e+02
2.000000000000000000e+02
1.660000000000000000e+02
1.770000000000000000e+02
1.700000000000000000e+02
1.670000000000000000e+02
1.510000000000000000e+02
1.680000000000000000e+02
1.850000000000000000e+02
2.010000000000000000e+02
2.060000000000000000e+02
1.690000000000000000e+02
1.940000000000000000e+02
2.110000000000000000e+02
2.240000000000000000e+02
2.380000000000000000e+02
1.960000000000000000e+02
1.890000000000000000e+02
2.220000000000000000e+02
2.380000000000000000e+02
2.110000000000000000e+02
2.200000000000000000e+02
2.130000000000000000e+02
2.320000000000000000e+02
2.080000000000000000e+02
1.900000000000000000e+02
1.880000000000000000e+02
2.460000000000000000e+02
1.960000000000000000e+02
2.180000000000000000e+02
2.210000000000000000e+02
2.190000000000000000e+02
1.320000000000000000e+02
