3.758122429999999792e+00
4.208494430000000008e+00
4.658866429999999781e+00
5.109238430000000442e+00
5.559610430000000214e+00
6.009982429999999987e+00
6.460354429999999759e+00
6.910726430000000420e+00
7.361098430000000192e+00
7.811470429999999965e+00
8.261842429999999737e+00
8.712214429999999510e+00
9.162586429999999282e+00
9.612958430000000831e+00
1.006333043000000060e+01
1.051370243000000038e+01
1.096407443000000015e+01
1.141444642999999992e+01
1.186481842999999969e+01
1.231519042999999947e+01
1.276556242999999924e+01
1.321593443000000079e+01
1.366630643000000056e+01
1.411667843000000033e+01
1.456705043000000011e+01
1.501742242999999988e+01
1.546779442999999965e+01
1.591816642999999942e+01
1.636853843000000097e+01
1.681891042999999897e+01
1.726928243000000052e+01
1.771965442999999851e+01
1.817002643000000006e+01
1.862039843000000161e+01
1.907077042999999961e+01
1.952114243000000116e+01
1.997151442999999915e+01
2.042188641999999987e+01
2.087225842000000142e+01
2.132263041999999942e+01
2.177300242000000097e+01
2.222337441999999896e+01
2.267374642000000051e+01
2.312411841999999851e+01
