-1.775895589999999968e+00
-1.597146579999999982e+00
-1.418397579999999936e+00
-1.239648580000000111e+00
-1.060899580000000064e+00
-8.821505800000000175e-01
-7.034015799999999707e-01
-5.246525800000000350e-01
-3.459035799999999883e-01
-1.671545799999999971e-01
1.159441999999999938e-02
1.903434200000000132e-01
3.690924199999999766e-01
5.478414200000000234e-01
7.265904199999999591e-01
9.053394299999999451e-01
1.084088429999999992e+00
1.262837430000000039e+00
1.441586430000000085e+00
1.620335429999999910e+00
1.799084429999999957e+00
1.977833430000000003e+00
2.156582429999999828e+00
2.335331430000000097e+00
2.514080429999999922e+00
2.692829430000000190e+00
2.871578430000000015e+00
3.050327429999999840e+00
3.229076430000000109e+00
3.407825439999999872e+00
3.586574440000000141e+00
3.765323439999999966e+00
3.944072439999999791e+00
4.122821440000000059e+00
4.301570439999999884e+00
4.480319439999999709e+00
4.659068440000000422e+00
4.837817440000000246e+00
5.016566440000000071e+00
5.195315439999999896e+00
5.374064439999999720e+00
5.552813440000000433e+00
5.731562440000000258e+00
5.910311450000000022e+00
6.089060449999999847e+00
6.267809449999999671e+00
6.446558450000000384e+00
6.625307450000000209e+00
6.804056450000000034e+00
6.982805449999999858e+00
7.161554449999999683e+00
7.340303450000000396e+00
7.519052450000000221e+00
7.697801450000000045e+00
7.876550449999999870e+00
8.055299449999999695e+00
8.234048449999999519e+00
8.412797460000000171e+00
8.591546459999999996e+00
8.770295459999999821e+00
8.949044459999999646e+00
9.127793459999999470e+00
9.306542459999999295e+00
9.485291459999999120e+00
9.664040460000000721e+00
9.842789460000000545e+00
1.002153846000000037e+01
1.020028746000000019e+01
1.037903646000000002e+01
1.055778545999999984e+01
