1.641171875000000000e+02
1.646484375000000000e+02
1.649921875000000000e+02
1.653125000000000000e+02
1.656484375000000000e+02
1.660390625000000000e+02
1.659921875000000000e+02
1.665937500000000000e+02
1.668125000000000000e+02
1.670000000000000000e+02
1.672890625000000000e+02
1.673671875000000000e+02
1.674375000000000000e+02
1.677734375000000000e+02
1.679296875000000000e+02
1.681250000000000000e+02
1.683125000000000000e+02
1.685625000000000000e+02
1.688203125000000000e+02
1.688203125000000000e+02
1.690156250000000000e+02
1.690703125000000000e+02
1.692812500000000000e+02
1.694296875000000000e+02
1.694687500000000000e+02
1.695000000000000000e+02
1.696562500000000000e+02
1.697968750000000000e+02
1.697968750000000000e+02
1.699218750000000000e+02
1.700468750000000000e+02
1.700000000000000000e+02
1.701250000000000000e+02
1.699218750000000000e+02
1.701093750000000000e+02
1.701015625000000000e+02
1.702421875000000000e+02
1.702421875000000000e+02
1.703437500000000000e+02
1.701875000000000000e+02
1.703125000000000000e+02
1.703359375000000000e+02
1.701171875000000000e+02
1.699609375000000000e+02
1.700390625000000000e+02
1.698750000000000000e+02
1.696796875000000000e+02
1.694453125000000000e+02
1.693984375000000000e+02
1.690234375000000000e+02
1.685468750000000000e+02
1.684765625000000000e+02
1.682109375000000000e+02
1.678281250000000000e+02
1.676406250000000000e+02
1.675312500000000000e+02
1.670546875000000000e+02
1.665937500000000000e+02
1.663437500000000000e+02
1.658828125000000000e+02
1.658515625000000000e+02
1.651718750000000000e+02
1.648671875000000000e+02
1.643828125000000000e+02
1.641093750000000000e+02
1.638906250000000000e+02
1.630781250000000000e+02
1.625937500000000000e+02
1.652500000000000000e+02
