1.981250000000000000e+02
1.982890625000000000e+02
1.985546875000000000e+02
1.988828125000000000e+02
1.991406250000000000e+02
1.992890625000000000e+02
1.995546875000000000e+02
1.996093750000000000e+02
1.997109375000000000e+02
2.000078125000000000e+02
1.998750000000000000e+02
2.002187500000000000e+02
2.003281250000000000e+02
2.005156250000000000e+02
2.006250000000000000e+02
2.006796875000000000e+02
2.008359375000000000e+02
2.010468750000000000e+02
2.010546875000000000e+02
2.013359375000000000e+02
2.013593750000000000e+02
2.014453125000000000e+02
2.016250000000000000e+02
2.017968750000000000e+02
2.015859375000000000e+02
2.017890625000000000e+02
2.018046875000000000e+02
2.018671875000000000e+02
2.018046875000000000e+02
2.018046875000000000e+02
2.018437500000000000e+02
2.018515625000000000e+02
2.018593750000000000e+02
2.019687500000000000e+02
2.020390625000000000e+02
2.019062500000000000e+02
2.019765625000000000e+02
2.018281250000000000e+02
2.019218750000000000e+02
2.017656250000000000e+02
2.015703125000000000e+02
2.016171875000000000e+02
2.013515625000000000e+02
2.011406250000000000e+02
2.008906250000000000e+02
2.007578125000000000e+02
2.005937500000000000e+02
2.001875000000000000e+02
2.000625000000000000e+02
1.996406250000000000e+02
1.993906250000000000e+02
1.991484375000000000e+02
1.987656250000000000e+02
1.980859375000000000e+02
1.978125000000000000e+02
1.978593750000000000e+02
1.971171875000000000e+02
1.968828125000000000e+02
1.967734375000000000e+02
1.964296875000000000e+02
1.961875000000000000e+02
1.953828125000000000e+02
1.955156250000000000e+02
1.950078125000000000e+02
1.947343750000000000e+02
1.943046875000000000e+02
1.940156250000000000e+02
1.936953125000000000e+02
1.993906250000000000e+02
