1.442070312500000000e+02
1.449179687500000000e+02
1.455664062500000000e+02
1.462656250000000000e+02
1.468203125000000000e+02
1.475000000000000000e+02
1.480507812500000000e+02
1.485234375000000000e+02
1.490039062500000000e+02
1.492890625000000000e+02
1.497109375000000000e+02
1.498476562500000000e+02
1.500546875000000000e+02
1.502539062500000000e+02
1.504179687500000000e+02
1.505742187500000000e+02
1.506406250000000000e+02
1.506523437500000000e+02
1.507187500000000000e+02
1.507070312500000000e+02
1.506054687500000000e+02
1.506875000000000000e+02
1.505859375000000000e+02
1.504179687500000000e+02
1.504375000000000000e+02
1.502578125000000000e+02
1.500273437500000000e+02
1.497695312500000000e+02
1.494296875000000000e+02
1.491484375000000000e+02
1.488554687500000000e+02
1.485703125000000000e+02
1.481015625000000000e+02
1.478125000000000000e+02
1.473085937500000000e+02
1.469179687500000000e+02
1.465585937500000000e+02
1.457109375000000000e+02
1.454062500000000000e+02
1.448945312500000000e+02
1.444101562500000000e+02
1.440390625000000000e+02
1.446835937500000000e+02
