1.922988281250000000e+02
1.931054687500000000e+02
1.935781250000000000e+02
1.943105468750000000e+02
1.949277343750000000e+02
1.954726562500000000e+02
1.957910156250000000e+02
1.961191406250000000e+02
1.965937500000000000e+02
1.967949218750000000e+02
1.969609375000000000e+02
1.971953125000000000e+02
1.974042968750000000e+02
1.975625000000000000e+02
1.976035156250000000e+02
1.976269531250000000e+02
1.975996093750000000e+02
1.976503906250000000e+02
1.975781250000000000e+02
1.975839843750000000e+02
1.974687500000000000e+02
1.974746093750000000e+02
1.972500000000000000e+02
1.970097656250000000e+02
1.967363281250000000e+02
1.965117187500000000e+02
1.962382812500000000e+02
1.959394531250000000e+02
1.957148437500000000e+02
1.953125000000000000e+02
1.949394531250000000e+02
1.946894531250000000e+02
1.940722656250000000e+02
1.937871093750000000e+02
1.933613281250000000e+02
1.928437500000000000e+02
1.924082031250000000e+02
1.919023437500000000e+02
1.915058593750000000e+02
1.908847656250000000e+02
1.904628906250000000e+02
1.902421875000000000e+02
1.920957031250000000e+02
