1.433750000000000000e+02
1.442617187500000000e+02
1.445039062500000000e+02
1.449609375000000000e+02
1.455156250000000000e+02
1.459648437500000000e+02
1.465234375000000000e+02
1.467968750000000000e+02
1.470781250000000000e+02
1.474882812500000000e+02
1.476250000000000000e+02
1.477695312500000000e+02
1.479531250000000000e+02
1.481289062500000000e+02
1.483632812500000000e+02
1.483437500000000000e+02
1.483632812500000000e+02
1.484335937500000000e+02
1.484296875000000000e+02
1.484492187500000000e+02
1.483281250000000000e+02
1.482617187500000000e+02
1.481250000000000000e+02
1.479921875000000000e+02
1.477890625000000000e+02
1.475234375000000000e+02
1.473789062500000000e+02
1.467968750000000000e+02
1.465234375000000000e+02
1.461601562500000000e+02
1.457773437500000000e+02
1.455000000000000000e+02
1.450507812500000000e+02
1.447578125000000000e+02
1.441054687500000000e+02
1.437500000000000000e+02
1.433632812500000000e+02
1.428046875000000000e+02
1.423984375000000000e+02
1.420937500000000000e+02
1.413828125000000000e+02
1.407421875000000000e+02
1.434687500000000000e+02
