2.498593750000000000e+02
2.504921875000000000e+02
2.505625000000000000e+02
2.508203125000000000e+02
2.511484375000000000e+02
2.513359375000000000e+02
2.516093750000000000e+02
2.520468750000000000e+02
2.522187500000000000e+02
2.522656250000000000e+02
2.525078125000000000e+02
2.526328125000000000e+02
2.525312500000000000e+02
2.528125000000000000e+02
2.532265625000000000e+02
2.533046875000000000e+02
2.534296875000000000e+02
2.535234375000000000e+02
2.534687500000000000e+02
2.537109375000000000e+02
2.537500000000000000e+02
2.539140625000000000e+02
2.538515625000000000e+02
2.540546875000000000e+02
2.540546875000000000e+02
2.540625000000000000e+02
2.540312500000000000e+02
2.540859375000000000e+02
2.542343750000000000e+02
2.543125000000000000e+02
2.542656250000000000e+02
2.543125000000000000e+02
2.543359375000000000e+02
2.543593750000000000e+02
2.543125000000000000e+02
2.543203125000000000e+02
2.542265625000000000e+02
2.542265625000000000e+02
2.541015625000000000e+02
2.541718750000000000e+02
2.540000000000000000e+02
2.539218750000000000e+02
2.536953125000000000e+02
2.535000000000000000e+02
2.531796875000000000e+02
2.529062500000000000e+02
2.528593750000000000e+02
2.525468750000000000e+02
2.522656250000000000e+02
2.520859375000000000e+02
2.517734375000000000e+02
2.513671875000000000e+02
2.511171875000000000e+02
2.507578125000000000e+02
2.506171875000000000e+02
2.504843750000000000e+02
2.496640625000000000e+02
2.496250000000000000e+02
2.490234375000000000e+02
2.491015625000000000e+02
2.484453125000000000e+02
2.481484375000000000e+02
2.476640625000000000e+02
2.475234375000000000e+02
2.469296875000000000e+02
2.459375000000000000e+02
2.461015625000000000e+02
2.455625000000000000e+02
2.512578125000000000e+02
