4.990000000000000000e+02
5.230000000000000000e+02
5.570000000000000000e+02
5.500000000000000000e+02
6.020000000000000000e+02
7.000000000000000000e+02
7.130000000000000000e+02
7.020000000000000000e+02
7.710000000000000000e+02
7.620000000000000000e+02
8.080000000000000000e+02
7.610000000000000000e+02
6.900000000000000000e+02
7.010000000000000000e+02
6.870000000000000000e+02
7.250000000000000000e+02
7.000000000000000000e+02
6.810000000000000000e+02
6.940000000000000000e+02
6.950000000000000000e+02
6.770000000000000000e+02
7.020000000000000000e+02
6.660000000000000000e+02
6.490000000000000000e+02
6.860000000000000000e+02
6.860000000000000000e+02
7.350000000000000000e+02
7.170000000000000000e+02
7.060000000000000000e+02
7.160000000000000000e+02
7.290000000000000000e+02
7.780000000000000000e+02
7.200000000000000000e+02
7.680000000000000000e+02
7.210000000000000000e+02
7.430000000000000000e+02
7.910000000000000000e+02
6.020000000000000000e+02
7.040000000000000000e+02
7.410000000000000000e+02
7.590000000000000000e+02
8.180000000000000000e+02
6.210000000000000000e+02
