4.140000000000000000e+02
5.190000000000000000e+02
4.810000000000000000e+02
4.980000000000000000e+02
5.080000000000000000e+02
5.970000000000000000e+02
6.340000000000000000e+02
6.260000000000000000e+02
6.260000000000000000e+02
6.490000000000000000e+02
6.340000000000000000e+02
5.530000000000000000e+02
6.220000000000000000e+02
5.910000000000000000e+02
6.230000000000000000e+02
5.960000000000000000e+02
5.850000000000000000e+02
5.670000000000000000e+02
5.780000000000000000e+02
5.850000000000000000e+02
5.980000000000000000e+02
6.090000000000000000e+02
5.880000000000000000e+02
6.320000000000000000e+02
6.180000000000000000e+02
6.200000000000000000e+02
6.290000000000000000e+02
5.680000000000000000e+02
5.400000000000000000e+02
5.330000000000000000e+02
5.810000000000000000e+02
5.800000000000000000e+02
5.930000000000000000e+02
5.560000000000000000e+02
5.910000000000000000e+02
6.040000000000000000e+02
6.510000000000000000e+02
5.860000000000000000e+02
6.160000000000000000e+02
6.900000000000000000e+02
6.100000000000000000e+02
4.200000000000000000e+02
3.700000000000000000e+02
