7.900000000000000000e+01
8.400000000000000000e+01
9.200000000000000000e+01
7.500000000000000000e+01
9.700000000000000000e+01
9.200000000000000000e+01
9.700000000000000000e+01
1.150000000000000000e+02
1.080000000000000000e+02
8.500000000000000000e+01
8.000000000000000000e+01
9.600000000000000000e+01
7.300000000000000000e+01
9.600000000000000000e+01
8.500000000000000000e+01
9.500000000000000000e+01
9.700000000000000000e+01
1.150000000000000000e+02
1.120000000000000000e+02
1.170000000000000000e+02
1.120000000000000000e+02
1.370000000000000000e+02
1.100000000000000000e+02
1.590000000000000000e+02
1.390000000000000000e+02
1.420000000000000000e+02
1.480000000000000000e+02
1.470000000000000000e+02
1.400000000000000000e+02
1.840000000000000000e+02
1.610000000000000000e+02
1.370000000000000000e+02
1.790000000000000000e+02
1.450000000000000000e+02
1.730000000000000000e+02
1.000000000000000000e+02
9.300000000000000000e+01
1.360000000000000000e+02
1.270000000000000000e+02
1.530000000000000000e+02
1.010000000000000000e+02
7.800000000000000000e+01
9.700000000000000000e+01
