1.850000000000000000e+02
2.430000000000000000e+02
2.410000000000000000e+02
1.980000000000000000e+02
2.410000000000000000e+02
2.430000000000000000e+02
2.430000000000000000e+02
2.780000000000000000e+02
2.600000000000000000e+02
2.740000000000000000e+02
2.270000000000000000e+02
2.230000000000000000e+02
2.200000000000000000e+02
2.570000000000000000e+02
2.670000000000000000e+02
2.200000000000000000e+02
2.440000000000000000e+02
2.820000000000000000e+02
2.710000000000000000e+02
2.290000000000000000e+02
2.580000000000000000e+02
2.350000000000000000e+02
2.260000000000000000e+02
2.270000000000000000e+02
2.420000000000000000e+02
2.260000000000000000e+02
2.420000000000000000e+02
2.520000000000000000e+02
2.340000000000000000e+02
2.300000000000000000e+02
2.440000000000000000e+02
2.440000000000000000e+02
2.560000000000000000e+02
2.200000000000000000e+02
2.340000000000000000e+02
2.150000000000000000e+02
2.370000000000000000e+02
2.290000000000000000e+02
2.600000000000000000e+02
2.260000000000000000e+02
2.560000000000000000e+02
2.430000000000000000e+02
2.370000000000000000e+02
2.270000000000000000e+02
2.590000000000000000e+02
2.620000000000000000e+02
2.470000000000000000e+02
2.410000000000000000e+02
2.690000000000000000e+02
2.730000000000000000e+02
2.220000000000000000e+02
2.750000000000000000e+02
2.590000000000000000e+02
2.500000000000000000e+02
2.240000000000000000e+02
2.780000000000000000e+02
2.810000000000000000e+02
2.500000000000000000e+02
2.380000000000000000e+02
1.890000000000000000e+02
2.590000000000000000e+02
2.120000000000000000e+02
2.310000000000000000e+02
2.470000000000000000e+02
1.720000000000000000e+02
2.900000000000000000e+02
1.160000000000000000e+02
2.160000000000000000e+02
2.200000000000000000e+02
